image_width: 640
image_height: 480
camera_name: narrow_stereo
camera_matrix:
  rows: 3
  cols: 3
  data:[1736.062737574587, 0, 611.4071881237968;
      0, 1736.330624046126, 498.7093111320078;
      0, 0, 1]

distortion_model: plumb_bob
distortion_coefficients:
  rows: 1
  cols: 5
  data: [-0.1327535909487029, 0.6236186913803318, -0.006575872919153186, -0.007994832899156082, -0.06985924882196834]
rectification_matrix:
  rows: 3
  cols: 3
  data: [1.000000, 0.000000, 0.000000, 0.000000, 1.000000, 0.000000, 0.000000, 0.000000, 1.000000]
projection_matrix:
  rows: 3
  cols: 4
  data: [1337.148438, 0.000000, 605.640265, 0.000000, 0.000000, 1333.494019, 444.618912, 0.000000, 0.000000, 0.000000, 1.000000, 0.000000]
